689
772
671
388
985
675
581
143
700
129
304
235
820
963
129
847
550
75
694
485
598
450
459
365
515
438
985
580
750
406
362
328
476
122
860
488
515
584
85
76
99
99
190
634
72
657
462
608
238
818
121
244
428
402
192
154
770
675
45
603
526
75
407
946
237
932
589
763
772
950
100
790
686
437
63
217
434
190
25
388
670
214
166
441
26
310
51
629
408
510
644
284
636
681
188
483
782
385
33
828
698
583
690
740
210
596
564
804
342
740
810
782
63
374
123
592
634
153
758
725
129
464
958
721
786
868
329
205
81
275
838
224
669
525
402
161
574
437
372
34
632
717
637
270
726
516
778
672
320
760
245
82
710
650
196
456
689
902
794
320
609
748
586
51
690
731
805
92
262
354
176
306
957
830
524
341
50
426
930
566
768
526
106
921
32
555
813
638
865
214
134
452
56
969
686
446
147
482
46
718
586
361
559
238
415
204
795
874
598
440
446
906
652
124
340
270
250
9
32
475
123
310
732
572
142
21
351
448
695
862
147
180
456
8
926
927
672
147
914
736
525
476
750
130
812
242
25
340
531
973
63
252
196
442
596
429
966
538
644
795
996
328
660
664
371
284
62
218
26
394
879
49
252
948
35
779
357
679
517
704
346
832
297
689
90
361
321
346
668
377
275
339
790
306
999
845
760
192
222
725
725
588
594
93
456
561
85
183
803
315
108
766
330
92
437
606
627
845
696
762
462
338
716
282
453
1
65
215
850
2
370
498
86
254
905
246
456
822
324
996
429
858
990
690
777
833
800
2
990
696
274
185
936
747
464
407
670
0
77
465
94
247
913
144
153
549
231
261
407
639
791
303
893
570
304
146
78
687
864
268
790
84
548
772
125
884
767
110
590
342
517
886
24
272
676
832
578
84
348
689
244
534
254
633
177
930
915
230
205
470
38
831
792
106
894
960
819
184
82
345
615
901
753
984
116
668
750
346
676
790
982
982
875
428
198
354
994
513
511
350
464
303
770
120
606
642
912
924
80
928
161
634
209
767
898
758
568
598
725
206
532
99
759
332
502
758
175
195
429
308
280
360
810
722
578
289
253
55
609
388
320
830
520
70
459
221
767
780
289
33
162
370
555
275
936
429
785
989
699
440
793
790
672
256
924
248
698
369
986
287
95
920
232
143
928
603
287
200
799
259
407
742
795
954
404
450
196
918
623
6
243
629
920
411
585
231
219
453
988
568
360
346
961
605
604
850
590
807
843
694
266
472
444
162
256
77
361
246
87
15
584
315
82
74
262
225
256
314
444
525
423
891
132
165
672
825
51
530
530
896
985
217
198
987
346
40
697
410
318
321
585
188
583
759
287
603
586
992
959
750
851
517
358
525
865
69
207
518
403
671
685
270
840
813
238
264
579
582
840
559
992
884
608
428
922
154
671
455
962
344
264
921
120
161
758
216
912
960
665
858
320
482
112
855
329
951
202
663
355
246
24
38
614
351
952
118
628
662
471
670
51
566
376
438
807
549
478
791
221
904
585
565
366
33
660
213
258
793
165
832
104
768
864
164
806
804
396
486
284
905
133
944
966
780
412
819
669
732
681
591
882
403
172
266
627
517
744
913
399
300
723
329
392
720
551
442
923
775
820
306
328
998
303
0
798
208
56
111
933
711
936
314
490
249
854
161
384
437
255
404
380
606
126
896
944
560
260
343
76
482
567
84
434
963
104
669
141
807
77
742
248
878
475
381
195
82
624
392
909
453
958
924
822
742
522
380
171
391
303
965
646
146
629
579
741
413
533
437
489
99
623
192
963
790
780
782
368
70
720
848
394
374
334
589
931
231
950
527
348
635
962
707
10
273
774
966
986
848
325
789
543
837
6
606
485
713
849
408
899
932
4
49
875
460
21
536
508
783
213
416
637
801
386
738
775
140
973
415
668
6
310
285
341
314
262
54
831
45
259
228
172
135
621
906
78
884
336
451
38
672
933
897
931
674
458
394
16
168
856
345
471
634
507
27
634
576
300
891
440
125
700
444
454
450
485
612
438
536
27
295
436
234
649
80
147
496
382
324
217
834
232
262
854
12
807
994
240
925
583
605
808
945
301
448
350
837
355
252
411
785
520
268
930
405
597
330
136
744
762
928
638
778
989
473
693
961
954
124
112
514
734
890
196
902
689
930
909
506
387
606
634
875
458
623
808
990
240
840
502
697
393
864
26
871
93
552
50
558
188
320
341
510
603
721
52
651
484
944
46
513
959
185
732
130
920
408
388
144
711
543
466
234
345
346
556
793
993
480
900
753
850
74
468
517
576
325
777
102
779
364
208
298
153
430
715
938
848
924
781
596
784
507
1
333
500
258
58
65
82
454
188
844
1
618
737
815
890
721
429
616
275
771
318
92
486
667
640
518
814
348
695
731
589
735
408
262
129
249
842
946
704
687
403
592
121
144
282
322
717
466
412
529
235
935
210
627
616
414
636
72
513
265
819
894
747
799
718
675
484
24
627
45
228
949
972
435
171
57
158
668
615
190
356
395
72
314
69
905
476
805
999
684
417
412
736
572
835
804
45
695
838
737
171
351
264
323
768
504
393
948
262
539
483
728
959
855
765
529
69
548
824
404
943
950
466
618
274
178
740
772
792
436
803
395
196
720
469
807
543
435
94
623
106
77
454
576
348
216
278
517
141
729
957
954
926
169
85
573
198
833
682
813
634
606
892
836
892
340
72
716
543
469
462
538
90
168
216
869
604
838
744
678
737
332
330
85
135
202
978
215
663
314
566
835
490
30
290
734
304
111
780
124
594
190
718
309
480
603
736
473
122
381
72
730
538
878
969
476
165
597
22
124
507
254
763
552
752
218
597
886
522
399
114
441
812
583
70
384
791
368
516
418
299
774
972
620
138
2
49
332
500
830
763
880
808
889
232
140
909
892
351
228
886
156
322
116
25
975
330
843
878
938
658
259
330
626
436
138
686
56
845
6
308
813
501
878
933
253
886
732
72
460
188
969
626
986
35
292
489
885
224
48
552
544
535
846
695
99
273
583
215
624
562
537
120
502
455
244
628
225
844
25
332
697
756
656
446
512
970
183
695
760
45
975
489
580
508
114
676
407
556
864
474
98
626
608
568
35
420
54
826
979
242
618
170
204
187
58
450
944
668
455
667
124
75
446
978
696
928
242
352
783
174
825
245
818
145
436
696
704
300
132
707
540
514
85
614
565
182
146
287
695
200
928
192
321
748
935
698
895
214
962
559
260
542
909
88
440
910
561
10
453
561
345
406
950
612
410
20
395
106
124
220
169
714
968
372
407
777
686
625
923
206
162
392
192
529
489
27
326
203
486
287
299
201
96
666
210
290
220
596
321
965
534
20
342
38
377
27
309
422
256
490
423
72
582
44
685
303
895
16
545
669
529
55
625
926
589
183
273
250
418
737
595
324
459
93
297
993
85
81
10
165
65
882
768
869
340
483
844
220
851
806
346
615
440
318
630
572
896
143
949
816
540
360
432
115
85
869
706
195
425
957
646
242
533
177
981
545
581
444
93
493
385
33
44
711
171
834
935
960
884
305
51
332
326
540
642
806
65
170
284
258
282
425
688
9
340
304
182
916
436
265
279
413
717
375
674
699
455
828
880
418
808
395
868
520
588
791
54
290
143
649
420
692
759
244
437
655
762
447
612
674
645
753
970
578
793
459
514
792
136
303
531
15
840
310
717
567
660
155
876
884
472
475
852
506
678
209
458
768
526
507
486
835
679
520
596
55
319
203
165
416
996
195
749
950
464
737
45
408
70
574
424
870
838
516
452
864
70
140
635
762
400
408
270
286
856
536
426
568
272
436
758
896
939
2
930
245
674
514
177
793
403
133
672
338
640
27
572
957
369
627
262
985
667
425
533
623
15
160
116
105
935
297
551
291
612
238
306
603
466
474
393
138
669
286
806
333
460
250
970
485
242
830
220
655
956
818
885
918
295
392
831
390
296
950
744
848
218
142
908
159
852
52
96
390
596
926
958
545
930
784
78
276
532
184
931
51
589
335
333
570
817
296
608
628
14
213
890
522
289
960
493
38
913
494
56
1
483
192
356
895
840
267
370
546
57
869
532
896
474
954
270
267
174
444
849
46
904
704
843
332
555
594
728
810
706
470
434
222
777
220
786
652
393
867
965
777
874
702
705
798
861
305
194
138
864
648
152
392
428
460
589
945
740
429
817
668
392
144
102
817
75
328
126
10
981
329
702
96
121
529
210
502
513
222
262
891
959
93
816
270
268
826
390
531
143
99
959
377
470
406
790
894
603
567
456
375
259
990
568
551
247
801
869
846
450
826
744
386
783
108
350
657
666
726
212
189
52
422
632
205
858
794
414
586
760
651
455
624
629
772
32
165
836
785
558
265
253
987
484
682
681
395
752
116
95
640
207
872
675
675
570
498
75
958
488
948
655
976
810
143
69
480
292
582
568
993
705
214
4
261
783
748
615
565
265
126
68
306
527
494
164
756
842
68
729
520
370
685
861
963
554
412
658
282
886
692
990
820
635
75
464
747
518
528
597
542
666
260
805
12
994
874
102
66
771
930
698
480
340
975
868
522
442
230
721
66
711
314
242
740
785
224
662
395
748
404
638
905
39
496
867
996
964
25
284
422
537
948
921
300
278
6
483
724
1
177
343
508
407
45
475
368
429
606
308
377
128
382
758
407
301
930
802
817
489
840
484
649
540
488
146
627
545
444
528
420
718
265
627
206
731
819
625
556
303
707
836
987
434
172
810
472
121
152
387
172
25
589
992
180
710
497
961
386
472
660
80
975
21
27
328
771
392
488
552
742
590
51
657
671
92
252
385
858
72
102
598
382
860
50
63
128
538
295
210
915
63
766
153
404
231
772
667
518
799
665
196
630
265
728
327
912
732
376
146
936
460
48
344
375
180
581
168
775
296
860
792
498
573
316
792
513
344
394
832
475
567
6
323
354
469
2
440
235
896
218
66
279
413
66
559
417
665
446
403
956
735
551
954
282
219
52
472
462
306
889
456
981
713
884
308
872
153
209
464
316
2
120
896
502
616
742
930
465
350
581
848
189
729
475
794
268
875
603
828
414
236
798
84
102
771
476
74
830
862
208
624
584
642
87
759
775
20
296
808
254
629
594
644
39
44
988
546
396
301
834
319
688
777
515
592
0
222
214
176
407
642
512
415
916
99
148
640
695
608
740
776
102
716
26
206
966
988
287
554
776
533
81
630
713
16
265
147
319
789
788
515
168
495
689
820
630
75
923
481
145
950
408
644
273
688
767
704
200
884
878
125
895
35
695
176
252
315
805
78
143
914
679
164
298
667
208
35
912
690
377
368
715
273
224
846
612
819
242
382
670
663
168
510
368
476
678
993
923
972
306
955
567
423
175
154
644
470
267
930
669
869
465
297
628
471
629
162
954
826
704
517
694
94
112
910
698
532
275
254
965
637
102
150
596
21
964
122
500
746
566
901
747
306
901
434
245
459
558
21
801
540
394
482
133
38
147
803
836
633
377
299
322
444
108
558
288
411
725
125
58
382
632
385
710
429
928
480
623
795
368
483
880
333
589
6
225
64
494
927
922
363
259
775
418
889
54
832
906
595
35
182
729
336
150
25
831
626
152
600
800
781
654
918
217
413
710
676
418
789
4
366
102
474
828
9
169
815
100
141
930
782
117
245
904
995
618
669
486
924
672
414
134
833
745
495
279
296
150
579
238
235
102
370
756
466
190
538
664
851
780
370
448
129
527
531
279
634
980
974
632
176
956
92
130
905
670
763
512
836
897
632
123
469
202
552
891
152
744
123
605
98
528
778
986
843
228
658
345
935
356
900
970
192
575
189
981
999
200
185
242
553
88
455
958
575
798
950
208
63
115
693
92
255
630
819
460
205
600
195
708
152
102
75
785
819
707
100
279
604
533
261
148
21
180
219
974
335
184
540
537
658
194
148
525
954
546
111
788
198
606
520
418
387
810
726
90
510
52
392
382
116
934
880
152
576
218
508
746
690
204
959
830
45
155
205
871
562
45
885
812
688
336
456
489
358
469
20
754
134
831
324
301
560
612
42
784
943
875
552
959
342
46
440
570
898
930
735
290
186
156
104
418
873
206
671
348
704
66
746
6
728
408
892
580
934
342
348
50
180
445
990
815
994
784
300
522
765
465
942
694
870
466
65
528
314
303
608
268
531
8
799
675
468
448
77
505
972
450
55
434
77
968
475
86
160
348
468
438
365
580
87
273
448
517
534
471
510
6
390
869
212
959
905
992
452
801
292
245
176
150
152
480
489
450
99
24
315
900
847
938
614
273
474
54
918
995
645
424
94
183
726
250
817
979
45
352
75
920
565
310
711
454
855
869
255
253
543
536
744
860
129
625
412
78
903
598
145
180
545
246
995
633
655
120
565
615
956
363
440
670
584
77
262
748
820
819
632
60
39
621
552
803
955
831
790
505
341
610
399
343
398
624
407
494
830
2
161
992
879
344
48
451
898
649
638
667
598
147
265
123
365
969
591
782
432
943
870
118
267
789
117
46
217
135
412
348
578
542
212
748
908
249
412
112
195
298
215
698
44
123
133
678
616
668
286
892
305
798
964
352
305
143
62
164
274
242
450
632
289
690
28
26
920
510
629
121
837
140
324
949
120
595
620
93
188
694
570
180
483
774
765
741
306
117
725
655
681
346
380
638
273
808
658
360
356
38
357
370
932
842
513
424
22
335
400
74
493
36
182
90
610
943
454
931
849
728
840
952
292
681
121
94
957
533
986
588
910
308
801
459
76
584
696
834
16
468
928
68
50
256
589
364
291
42
896
533
534
685
681
627
297
680
301
402
923
694
187
591
87
635
70
209
973
789
666
38
218
878
579
888
399
118
498
244
506
308
365
930
674
933
785
445
65
70
35
799
68
810
705
207
515
265
856
54
986
697
886
562
689
699
548
950
940
231
559
895
818
175
368
274
878
122
497
90
411
794
154
527
483
517
279
770
192
774
361
763
665
81
970
450
70
722
522
58
779
210
794
706
108
681
940
988
480
308
309
612
488
904
679
320
770
74
992
840
660
926
249
65
952
81
800
301
450
801
738
748
350
406
721
400
498
352
189
588
604
474
33
216
692
740
961
325
174
441
502
297
413
517
924
352
86
276
590
500
807
84
119
454
888
141
611
369
385
66
502
322
610
144
843
299
667
495
361
780
726
153
995
34
63
94
75
740
237
912
261
340
494
341
395
744
333
783
805
736
614
948
198
634
212
872
16
153
309
195
721
108
42
950
125
78
81
364
6
858
299
142
49
795
819
204
276
336
506
640
27
261
744
75
902
716
550
842
168
600
400
752
460
405
950
612
150
180
681
165
344
480
7
178
18
201
562
880
898
6
63
93
888
874
482
723
82
913
0
68
736
368
786
356
896
304
793
424
698
976
141
738
298
833
539
422
423
270
837
68
646
793
440
648
708
160
51
531
760
368
796
698
115
848
505
400
377
408
876
850
477
594
635
738
636
948
51
932
496
506
267
483
540
356
471
60
798
805
548
432
850
49
833
392
561
715
950
888
680
815
780
835
678
300
649
377
215
552
867
124
414
542
580
94
940
694
632
124
336
219
138
698
988
279
315
236
24
384
344
18
27
784
489
35
356
4
170
290
81
290
312
515
502
904
738
452
232
896
147
771
914
896
581
483
4
514
441
214
582
24
413
580
300
961
574
896
466
950
296
551
242
957
553
351
955
669
986
982
651
276
921
106
456
298
594
576
767
936
665
424
258
155
675
618
428
314
801
644
447
908
644
714
400
200
142
846
926
454
354
735
272
882
98
676
385
597
206
16
480
610
260
640
693
934
893
974
682
512
551
429
51
924
955
275
654
618
220
500
365
666
772
946
909
24
394
946
204
530
406
66
574
670
713
628
995
441
208
33
930
508
687
200
511
969
495
102
465
95
492
360
64
960
950
772
518
944
549
415
798
592
442
236
525
524
533
36
64
674
879
932
418
420
955
477
872
445
485
440
8
819
203
440
228
93
391
413
734
156
928
989
65
205
662
498
72
459
621
962
752
82
250
645
238
87
110
780
343
176
905
564
782
140
774
525
689
891
462
185
793
286
324
508
51
818
218
14
506
220
178
95
432
916
717
253
981
892
763
224
742
648
82
681
736
300
884
407
539
975
597
775
642
720
608
790
549
938
693
348
868
894
549
242
922
595
666
452
725
586
282
728
753
201
35
585
716
361
602
275
192
196
444
492
586
742
372
150
57
364
522
904
776
4
708
545
589
267
519
136
425
485
280
672
595
132
60
905
990
847
126
712
870
744
451
963
875
964
92
490
540
722
125
543
718
671
836
676
303
674
816
700
42
682
734
48
974
952
292
240
742
594
416
925
365
826
48
867
542
106
656
616
172
930
220
231
616
935
490
358
230
70
364
242
190
182
279
913
849
944
566
182
825
76
729
102
669
961
785
483
732
460
106
524
128
226
737
894
12
616
633
763
753
462
300
121
471
440
951
710
86
496
14
329
715
291
348
720
886
204
656
382
590
62
592
558
464
903
738
862
996
104
979
670
648
750
693
834
622
734
758
605
650
664
869
882
285
176
393
655
655
664
122
963
280
920
21
638
476
452
326
121
864
621
310
644
6
931
942
608
300
435
695
218
707
490
208
994
20
802
692
860
126
105
592
965
882
174
803
767
532
219
46
805
216
222
910
893
705
284
634
474
985
26
756
320
702
732
914
356
374
344
529
533
912
800
680
564
513
486
961
324
957
923
324
513
979
890
168
846
981
46
342
875
876
898
216
232
671
339
802
959
730
954
220
928
490
544
744
201
345
25
708
884
102
57
426
832
649
51
530
6
516
680
852
341
182
69
471
104
430
351
560
633
874
657
465
812
28
622
965
875
830
485
825
441
532
220
524
256
240
178
21
166
932
376
693
686
152
18
559
635
779
813
574
242
841
332
776
721
998
16
868
192
926
76
364
798
589
153
830
871
822
606
246
519
382
562
952
525
732
15
913
423
590
935
872
106
671
696
572
453
594
810
927
482
815
250
688
950
583
904
161
309
648
430
681
278
153
486
956
330
534
550
726
901
725
789
816
688
156
120
740
235
471
681
22
712
327
984
166
255
219
202
412
765
650
299
112
370
441
507
249
654
888
715
156
588
450
798
399
386
99
818
336
676
995
790
966
400
318
892
75
380
586
713
155
720
175
87
588
626
996
535
688
468
302
944
684
735
289
672
529
566
428
697
734
39
427
423
153
290
75
304
393
176
746
615
824
183
815
782
376
470
432
140
623
562
943
194
85
248
18
356
665
134
270
966
136
979
476
492
989
720
2
387
376
473
384
495
612
851
94
982
741
586
405
519
726
374
4
74
770
365
168
513
77
775
348
874
398
106
848
550
42
969
892
115
276
400
534
609
24
218
310
39
858
352
248
489
708
680
575
692
100
629
274
402
885
391
628
768
305
327
748
165
195
460
10
301
976
543
486
771
88
306
294
147
804
551
772
326
496
297
640
896
166
330
260
869
171
936
4
57
896
754
117
834
813
665
478
357
807
842
783
922
901
2
561
873
332
147
398
232
200
325
365
531
814
207
954
275
882
584
88
645
324
423
520
418
408
189
505
879
606
515
912
435
486
318
78
726
722
265
25
489
206
24
481
242
378
771
610
262
924
465
512
10
57
502
728
393
600
994
134
551
376
981
830
723
238
444
753
201
538
34
975
792
125
489
473
578
481
970
234
158
294
190
621
369
822
376
667
616
415
381
440
707
568
867
913
684
668
476
962
508
746
749
46
846
206
226
807
655
117
339
785
400
742
186
60
596
682
58
826
112
446
760
737
346
254
265
436
34
697
645
903
288
78
110
143
138
274
268
45
169
849
265
791
872
286
370
335
966
393
636
597
374
267
826
324
395
194
374
904
385
400
706
917
680
874
505
754
705
746
18
750
184
265
303
536
718
838
333
469
423
553
68
327
873
747
933
629
481
765
778
183
475
925
368
312
335
24
754
468
600
128
196
900
403
511
554
530
517
912
121
462
398
62
952
218
694
81
855
134
382
301
154
865
770
260
64
559
361
728
872
765
345
785
682
357
102
995
160
928
817
728
635
160
134
265
182
1
440
172
38
516
377
161
214
855
217
312
495
622
833
783
735
165
879
670
358
46
879
319
513
485
407
582
75
345
160
589
455
888
28
830
875
885
189
993
497
669
538
175
304
961
260
891
925
715
289
928
442
235
896
538
116
430
667
282
362
418
295
690
684
595
471
330
172
314
247
851
665
338
408
44
699
291
437
393
608
348
299
952
964
273
124
341
278
68
119
662
194
892
396
642
10
471
725
578
106
471
202
768
308
579
939
215
867
10
722
956
665
527
44
880
244
510
695
867
645
300
169
671
961
952
318
346
496
212
104
387
908
49
352
363
529
564
40
213
176
590
802
974
552
308
334
155
369
972
376
50
391
363
245
526
934
597
623
851
412
468
734
770
406
496
555
904
261
514
922
989
246
288
454
482
522
712
620
694
780
635
605
906
575
800
186
314
365
146
922
403
742
436
125
110
528
76
951
150
136
153
371
726
880
945
623
759
513
973
944
4
810
973
832
610
358
697
451
472
237
744
760
626
388
900
185
611
609
623
459
234
553
330
144
989
115
146
684
310
942
121
917
869
14
914
790
931
936
290
354
729
540
222
812
594
96
675
664
428
897
57
524
340
522
200
586
586
813
708
183
400
184
478
637
535
904
184
319
704
713
287
303
60
108
738
329
254
306
978
690
810
402
970
42
878
909
888
22
358
880
831
918
692
520
340
697
225
276
222
256
586
527
755
476
914
958
804
273
906
777
715
119
329
637
958
998
623
27
978
799
530
330
700
387
968
368
345
608
432
295
252
346
642
93
674
955
291
414
361
518
22
694
896
494
1
800
240
990
940
494
169
169
930
620
405
132
980
990
273
529
922
892
352
161
427
581
774
658
519
671
774
545
86
136
650
261
573
692
866
120
670
700
638
187
697
238
960
321
850
807
824
135
763
945
119
808
602
720
731
427
502
612
812
785
954
634
870
765
696
933
302
628
501
668
546
777
376
144
584
362
999
399
672
298
212
385
748
253
961
804
986
529
117
886
566
638
576
207
742
284
441
270
543
658
28
190
424
237
237
242
134
721
412
515
575
546
120
714
366
964
159
570
560
873
632
394
134
255
573
340
452
798
734
298
366
352
94
867
872
372
106
50
772
414
104
612
168
295
759
781
634
386
804
928
993
626
591
553
996
889
287
249
404
480
612
866
950
980
634
828
87
295
46
188
14
395
676
75
820
867
615
529
985
731
510
110
621
538
195
248
190
910
961
572
302
700
320
922
476
25
489
570
926
750
794
740
162
143
530
913
212
287
850
407
396
187
630
596
385
351
703
789
65
138
698
871
322
465
270
138
366
160
484
428
288
836
4
644
22
738
844
818
549
426
550
16
694
650
493
258
925
218
295
184
716
635
786
861
869
84
916
731
650
240
386
795
93
247
471
945
624
250
644
627
517
794
788
414
539
44
459
346
65
632
668
235
144
735
923
115
490
374
88
49
448
72
589
538
388
478
698
858
767
364
964
795
844
625
820
324
850
873
798
410
104
775
882
734
50
226
207
903
446
306
382
786
710
366
924
945
710
984
586
694
64
537
305
469
481
551
520
920
284
866
140
481
377
775
860
474
732
194
885
28
232
30
648
602
91
756
794
685
852
508
738
791
426
824
476
798
415
729
254
333
175
39
963
360
564
355
917
566
240
418
302
766
143
589
112
501
889
382
531
169
966
626
130
900
760
731
926
259
646
744
916
650
524
976
334
336
711
985
832
992
28
626
752
798
54
420
723
731
411
133
345
686
917
484
894
309
144
142
310
454
49
730
904
621
504
848
494
954
45
50
966
301
791
429
828
445
155
454
377
204
514
15
175
640
632
612
135
243
710
220
142
334
764
902
299
588
480
938
358
591
686
566
807
81
186
642
55
702
705
860
285
945
417
200
981
20
91
595
94
526
185
649
477
670
666
686
96
232
86
538
998
248
888
875
378
396
325
396
159
76
284
553
136
545
969
706
540
348
989
212
494
564
532
505
165
649
614
186
278
270
64
158
844
219
878
38
201
864
122
435
978
550
200
339
505
775
129
360
830
370
662
984
75
468
551
759
333
831
194
674
768
182
618
345
931
318
244
614
348
144
611
150
326
732
282
833
699
102
284
693
908
894
213
833
129
416
660
414
407
781
144
285
989
12
81
549
788
171
713
287
492
897
25
386
741
591
444
700
524
627
222
205
266
502
693
795
618
117
25
740
603
684
819
62
900
548
720
995
192
64
560
679
799
212
721
112
342
870
750
851
715
723
16
70
549
161
118
422
546
989
322
804
375
964
742
508
212
905
654
348
238
984
295
15
783
699
501
264
634
818
30
315
446
262
270
432
388
968
410
215
835
966
428
926
426
351
615
1
480
774
161
115
879
526
556
706
965
93
537
783
194
642
445
105
9
364
216
627
215
615
473
930
869
592
978
681
747
330
301
355
898
68
982
952
108
466
63
663
637
667
88
22
712
712
854
470
266
2
763
224
650
500
28
482
12
338
574
268
534
909
489
476
894
222
576
206
178
267
488
831
93
138
147
194
147
267
650
922
358
434
222
475
444
39
817
816
305
135
590
482
279
595
435
110
554
160
742
104
299
322
122
549
371
249
114
116
745
801
668
781
355
655
572
72
114
517
803
124
614
822
1
851
589
150
843
330
878
143
214
454
976
825
802
377
943
240
570
735
50
658
560
912
301
858
936
18
438
352
355
327
123
944
864
242
357
687
186
145
805
748
330
734
152
538
583
831
424
532
674
95
736
148
476
917
333
226
950
810
908
252
580
106
681
763
624
633
828
477
838
133
192
207
351
996
582
782
396
417
925
258
847
28
576
30
70
731
248
981
835
165
64
744
180
128
556
85
44
868
844
452
261
420
808
437
473
740
147
472
548
224
256
623
369
575
93
636
266
156
517
112
505
854
825
430
1
212
985
704
56
528
747
228
74
622
500
426
404
118
237
828
35
92
680
936
455
781
48
371
261
244
627
609
292
486
895
982
616
15
742
946
531
430
865
759
517
156
995
917
866
705
917
772
765
492
1
280
129
567
234
861
135
738
939
115
217
548
310
468
110
220
948
121
682
974
708
354
420
412
960
502
939
783
588
93
660
633
637
6
770
341
820
412
393
978
119
272
875
747
498
806
372
742
289
305
890
430
470
762
590
444
77
690
200
752
742
786
152
451
562
630
614
650
777
791
545
774
584
259
843
371
842
830
495
678
374
341
649
126
665
344
106
687
188
554
32
441
873
801
217
475
470
210
362
326
765
605
453
580
918
301
510
141
360
187
998
265
343
982
132
651
519
492
745
398
446
815
855
760
261
936
159
554
544
729
305
721
161
770
894
54
654
679
341
905
492
9
594
638
164
960
36
597
304
404
501
766
63
748
215
215
466
361
862
815
520
988
716
34
489
252
758
217
840
240
896
846
925
849
507
912
324
927
454
333
246
816
986
261
918
238
723
513
766
502
472
213
987
142
532
432
91
600
934
436
368
70
596
542
926
250
704
934
626
846
768
894
872
995
696
116
611
580
899
136
658
203
818
864
713
161
2
306
759
344
650
758
354
654
545
957
428
962
594
559
470
492
198
747
627
519
934
158
721
966
756
956
368
204
548
166
210
34
429
634
478
598
304
558
325
588
252
724
898
566
525
570
6
538
746
184
296
879
855
88
15
248
316
462
198
87
378
158
710
788
978
896
634
152
365
724
253
576
118
999
763
225
88
707
843
735
903
500
432
324
8
164
778
740
250
40
148
589
407
253
882
875
707
636
635
867
648
939
354
786
370
363
835
425
287
243
469
26
348
655
785
996
535
553
920
895
920
517
63
721
700
980
958
687
633
679
74
636
378
300
398
160
371
781
256
603
627
471
615
635
300
442
695
544
900
753
605
730
435
489
586
466
884
783
497
236
692
704
488
202
8
555
413
345
459
8
573
508
52
511
814
343
356
143
520
527
986
962
912
280
651
466
428
800
51
488
189
858
138
186
57
660
899
590
532
148
594
81
438
926
679
253
716
785
734
840
732
172
496
530
438
115
368
134
648
326
115
230
633
360
872
30
693
70
190
824
126
527
305
845
422
693
549
524
15
237
917
978
175
850
935
262
501
594
506
261
788
111
993
115
699
306
214
372
551
302
166
324
386
26
605
807
145
302
207
442
410
339
484
532
657
209
58
395
332
956
168
490
288
253
970
552
996
606
534
884
177
243
342
649
466
902
864
605
657
685
148
882
711
54
871
596
460
758
324
368
808
426
686
385
270
78
654
80
798
930
854
201
80
155
976
84
515
790
348
616
134
342
493
852
526
82
258
483
158
125
220
361
386
414
824
394
261
822
123
493
770
381
91
314
714
741
774
925
404
258
24
244
798
338
201
741
604
441
536
609
565
25
902
28
255
722
768
710
869
494
693
122
466
348
554
135
902
786
578
804
48
998
380
156
680
786
812
866
481
488
144
562
309
210
477
568
316
124
885
114
217
638
120
214
335
832
518
972
748
714
545
428
952
265
902
556
222
93
810
68
442
736
763
355
366
927
154
453
380
382
908
27
520
466
615
999
873
695
973
160
852
549
63
915
650
278
959
951
155
395
870
94
78
24
70
376
903
75
320
549
834
679
790
522
501
652
224
674
669
916
856
209
669
749
633
763
801
305
525
998
602
745
777
589
377
45
718
565
903
744
720
974
274
352
160
288
184
292
704
504
470
394
676
779
768
754
940
882
931
102
705
184
687
24
965
861
267
342
725
979
933
316
198
34
354
381
496
874
843
398
453
741
435
52
720
266
436
942
319
244
651
189
70
202
669
319
350
817
447
1
98
649
848
579
572
838
544
913
678
336
352
789
56
119
754
0
943
609
128
286
378
502
813
55
316
561
138
312
244
942
159
65
455
309
455
550
180
951
387
240
126
32
436
529
837
245
298
329
665
120
880
806
315
39
549
732
698
182
217
550
411
846
505
726
91
813
168
728
554
316
675
972
771
882
460
490
318
495
440
774
844
679
994
500
652
168
8
502
496
159
671
779
506
74
462
135
666
948
483
363
556
30
77
148
750
689
309
568
158
715
699
582
266
289
276
993
734
885
492
380
146
902
75
121
488
966
296
793
646
455
904
955
305
734
430
592
567
531
415
984
258
583
872
913
606
833
33
932
818
920
862
76
870
493
775
959
76
92
98
426
841
134
597
896
708
117
725
438
624
979
765
365
111
488
959
789
548
88
458
760
778
279
774
210
489
961
955
710
568
502
626
531
319
957
39
80
258
843
566
581
995
330
651
766
188
776
566
365
32
695
201
259
351
21
284
891
235
625
99
705
35
450
850
465
779
162
168
534
722
108
474
928
781
698
688
322
134
414
412
892
602
891
970
740
282
592
198
822
231
245
946
118
267
629
728
776
502
950
948
458
497
256
188
849
942
316
838
148
989
112
592
150
95
972
784
574
513
636
473
276
33
470
168
228
615
748
818
796
934
952
274
214
363
218
98
174
574
253
810
682
893
440
833
932
852
618
536
898
266
126
511
545
562
570
282
436
576
221
388
366
752
736
851
386
279
432
422
846
476
693
965
543
102
400
404
657
300
452
900
70
72
850
925
549
764
220
216
612
695
352
793
540
209
978
700
424
917
950
714
820
201
720
529
425
960
936
427
272
49
420
536
321
981
217
567
119
489
680
335
747
895
247
899
348
220
645
141
870
984
888
679
818
92
706
882
490
746
552
758
851
183
628
54
268
312
720
884
822
917
923
207
371
845
558
410
744
82
361
362
361
822
350
703
500
242
734
357
62
320
468
417
0
729
835
511
869
817
221
504
371
595
217
390
403
849
675
722
798
121
356
933
356
456
94
111
849
835
146
246
930
15
590
802
412
74
484
638
747
154
708
637
342
27
480
873
276
282
712
852
703
391
309
495
382
464
9
762
135
42
178
562
511
970
668
365
533
497
959
174
8
377
866
416
810
386
776
360
253
707
793
789
417
267
894
314
626
948
862
32
721
332
779
438
729
232
758
972
782
399
906
221
259
231
580
377
363
357
998
136
772
939
798
772
734
897
717
485
688
256
150
90
814
548
408
213
917
440
780
21
609
695
175
852
603
180
572
936
289
352
32
791
932
714
415
12
219
814
272
530
255
434
846
810
86
238
943
174
430
666
580
974
840
962
632
888
412
78
722
995
512
365
865
427
711
776
76
124
396
592
129
246
267
614
538
792
234
427
738
762
998
18
565
169
729
398
993
288
154
660
973
32
615
33
364
561
42
448
836
795
635
674
717
495
82
954
35
362
315
579
356
381
129
494
300
788
961
841
566
625
208
295
879
726
202
943
62
340
618
996
562
626
628
518
735
84
694
840
842
340
712
50
614
455
804
824
480
812
771
888
746
136
825
320
666
924
218
892
969
871
847
445
308
546
230
446
391
845
480
447
295
303
876
515
446
671
644
784
948
318
994
272
186
460
996
50
737
774
519
630
530
58
434
346
735
692
620
855
902
422
818
538
375
564
469
378
459
365
860
180
458
213
801
208
777
763
561
864
477
513
476
188
793
93
854
342
952
655
466
663
562
916
614
398
236
416
774
961
108
818
749
189
428
715
836
236
136
952
489
148
800
789
194
296
187
852
974
493
992
860
252
782
451
410
480
875
696
982
584
890
957
721
545
416
326
114
169
729
116
25
864
243
268
512
926
319
392
866
920
921
737
728
130
348
594
396
729
832
86
248
423
578
630
598
536
393
984
202
986
846
305
480
825
54
130
378
976
159
90
324
256
970
134
450
166
865
753
713
603
990
957
38
822
539
414
856
695
384
805
385
412
334
978
511
440
944
332
95
861
820
755
466
834
914
483
678
38
326
377
517
891
338
310
446
720
338
484
284
925
209
450
888
603
203
934
264
284
381
864
714
300
814
956
261
782
178
872
57
873
767
815
161
363
138
527
858
940
540
899
885
404
868
545
846
806
644
54
178
849
783
413
667
56
910
430
20
871
118
936
923
525
642
143
790
912
999
710
170
764
497
68
594
319
362
126
412
801
615
850
377
858
395
321
772
390
319
854
252
741
324
221
998
891
175
120
903
513
767
319
700
104
458
66
594
551
224
335
838
747
909
534
748
212
866
650
660
219
448
412
492
384
342
35
777
952
132
873
700
418
268
494
486
944
442
517
348
368
745
880
954
855
201
201
126
200
905
765
46
682
116
650
220
60
252
118
329
368
300
923
25
325
72
910
820
390
960
651
768
50
837
355
729
559
247
370
118
396
136
80
978
287
70
319
692
686
332
789
965
400
345
375
728
706
134
561
422
816
110
286
270
226
186
579
140
805
802
174
736
835
402
956
230
957
927
708
724
190
716
444
450
852
405
615
553
517
276
38
286
214
570
591
880
450
573
95
837
909
803
747
477
918
972
390
121
350
825
100
366
448
126
459
287
531
208
224
633
895
146
119
483
472
550
867
166
339
147
728
952
402
148
481
275
501
799
116
589
364
591
0
328
297
147
465
481
32
954
999
951
249
856
298
207
758
722
146
187
186
515
465
562
64
81
34
81
212
939
726
794
171
170
940
60
626
600
224
195
88
772
962
395
650
144
805
525
959
671
792
403
418
579
34
243
395
323
568
794
906
868
144
12
927
715
447
804
432
572
915
180
806
765
990
511
815
123
543
209
464
923
852
288
633
57
254
913
876
390
221
634
435
622
952
291
217
247
245
722
386
399
114
530
524
754
502
402
614
374
72
934
513
665
427
995
708
715
730
490
903
159
912
320
996
84
999
903
789
265
204
462
931
225
655
176
723
253
604
898
965
287
66
96
392
50
234
341
468
720
466
403
104
884
480
200
734
970
445
511
965
771
184
308
747
936
575
310
55
914
361
901
583
518
382
86
276
766
620
156
780
116
290
905
122
716
158
672
738
143
93
232
699
899
69
680
778
792
870
104
848
321
927
264
687
696
266
899
665
501
260
738
652
344
327
674
972
350
371
884
854
696
862
513
423
807
901
855
104
570
115
708
657
775
323
444
609
146
136
214
77
807
955
221
111
370
393
588
469
2
308
207
623
256
145
110
662
935
226
949
69
575
531
746
403
951
528
895
945
198
669
508
45
68
416
964
966
866
705
843
852
494
259
620
750
964
680
80
581
820
412
689
9
999
258
504
765
65
63
814
287
930
2
901
964
343
488
764
234
778
551
810
32
618
851
931
343
111
536
755
94
960
350
144
437
484
91
146
315
712
888
425
253
15
522
515
805
294
711
202
678
606
570
416
329
123
642
717
807
169
437
357
194
996
442
329
411
750
843
24
356
890
654
22
225
979
38
292
225
988
434
235
270
438
964
872
935
275
592
649
415
686
228
720
165
840
822
340
202
156
913
795
712
928
188
466
725
459
475
104
515
423
334
54
710
371
870
639
411
742
538
580
475
226
9
124
182
648
352
260
816
98
524
775
343
177
892
660
663
302
446
155
707
395
704
902
954
390
162
629
124
279
762
231
546
466
24
788
786
995
845
724
310
840
322
292
942
114
232
600
629
600
484
564
404
38
348
381
427
212
262
81
783
380
891
798
86
462
366
27
906
966
909
938
500
644
357
964
390
104
728
549
841
238
374
833
615
6
415
302
112
318
609
888
715
637
488
434
740
728
381
248
534
387
358
215
116
664
615
161
815
336
171
763
221
949
141
268
477
62
425
357
274
192
329
141
872
921
434
700
695
201
948
75
310
655
879
243
629
721
530
526
512
505
545
232
611
585
430
165
594
629
742
224
27
184
30
634
212
574
670
138
590
591
121
338
801
321
112
828
586
870
405
575
940
716
694
901
528
32
535
370
185
662
665
573
554
650
456
275
817
478
667
300
512
492
716
456
171
723
801
56
754
948
87
453
468
518
776
272
429
889
778
56
338
843
62
282
796
843
546
529
816
324
246
848
674
303
478
354
584
352
912
465
640
118
615
798
46
771
384
920
972
995
543
874
92
694
879
135
376
945
624
916
272
964
158
950
476
669
923
169
876
352
771
261
828
289
260
452
230
722
810
247
123
872
603
897
377
65
473
734
115
684
358
603
738
570
870
464
424
108
815
380
803
763
122
201
974
781
440
265
938
906
321
715
243
708
346
732
502
338
74
917
290
345
741
462
777
214
2
176
861
27
687
675
188
923
340
99
105
301
778
898
559
690
961
213
154
710
464
108
115
91
560
993
420
361
888
851
737
519
470
909
819
712
102
398
93
534
182
979
710
450
207
946
138
111
738
438
172
939
603
890
728
623
535
570
87
145
744
28
458
886
96
546
667
624
238
888
530
90
114
273
616
333
972
175
760
762
69
228
679
909
808
890
672
744
978
715
965
703
748
246
442
350
802
378
753
645
978
182
413
667
920
684
841
176
818
371
942
396
119
888
888
826
707
565
253
975
455
489
204
676
422
62
794
429
186
133
70
744
748
376
535
662
956
555
102
548
862
416
435
187
261
326
802
756
806
350
918
249
369
292
946
744
38
741
672
706
216
253
728
759
488
540
912
680
897
926
346
480
435
802
963
606
441
392
575
753
918
985
135
99
87
194
395
30
1
124
288
126
470
135
789
174
184
546
724
253
38
979
56
33
532
471
306
348
45
537
259
38
800
6
355
567
224
755
437
418
657
35
854
726
896
296
526
656
840
905
753
909
506
832
418
816
543
98
365
531
578
34
458
838
860
932
530
205
548
412
850
175
848
663
904
564
265
908
594
820
640
39
450
172
872
603
352
774
915
891
962
944
247
222
232
595
672
315
437
614
885
296
50
343
909
161
513
723
879
812
654
368
248
32
715
524
286
966
818
290
455
368
200
392
579
344
528
922
162
455
115
759
920
411
741
957
660
824
46
497
132
784
686
330
957
858
471
1
527
890
94
654
695
680
539
208
75
335
454
740
224
142
24
710
429
723
804
630
369
995
828
738
536
27
710
274
380
529
384
408
384
753
595
832
425
194
728
807
621
780
444
950
799
794
30
1
444
623
248
302
566
387
132
789
403
356
291
426
604
951
238
918
485
145
74
14
560
924
261
388
312
247
660
95
621
129
437
630
668
159
949
284
333
966
267
612
237
183
564
438
261
678
722
152
916
518
686
522
186
740
651
275
453
928
500
885
560
639
847
276
854
57
453
606
812
573
235
32
531
399
858
892
634
492
426
828
208
610
682
640
30
91
724
243
650
114
880
515
804
237
176
966
568
720
633
708
368
72
610
795
746
838
407
8
674
651
900
814
646
38
542
438
485
496
580
96
667
260
670
168
675
606
78
657
306
532
295
117
266
552
119
879
104
125
908
730
550
232
213
329
100
989
896
294
792
165
51
267
422
58
298
302
288
446
296
292
867
565
921
578
858
899
240
936
889
259
551
902
341
657
594
249
605
80
327
831
788
687
927
128
338
543
276
552
26
791
575
801
783
385
473
285
192
992
482
764
552
874
969
482
14
861
755
524
458
355
781
818
927
301
504
440
854
184
507
767
993
368
542
182
933
299
625
755
648
581
427
890
714
962
511
529
927
176
662
459
304
795
565
78
112
121
882
892
844
248
945
402
570
671
256
391
799
304
993
220
497
543
221
933
649
932
129
909
915
899
591
355
476
471
551
55
697
368
956
790
726
835
278
830
789
939
713
143
81
402
606
512
822
533
994
747
831
792
426
52
237
910
906
638
576
556
221
560
235
14
890
812
452
161
786
612
621
614
304
801
34
208
440
648
628
994
214
387
663
989
96
160
746
148
598
28
39
300
424
437
741
674
800
838
377
835
472
57
356
921
855
954
902
507
914
333
265
729
435
200
332
267
314
725
190
860
591
454
625
508
989
287
800
143
394
639
143
222
507
147
94
603
876
292
381
400
152
189
154
950
717
407
355
361
616
28
391
618
319
544
324
788
980
702
514
945
366
517
221
249
944
343
640
435
320
972
18
513
910
490
189
906
785
781
88
873
723
62
844
300
554
253
99
529
651
524
261
808
440
812
292
666
335
130
777
731
791
669
114
556
246
655
155
614
427
220
944
212
102
622
651
801
973
357
847
716
411
256
110
862
398
918
497
116
995
622
39
802
77
219
76
294
652
403
990
945
575
768
724
108
618
565
473
6
203
639
117
278
533
444
510
614
200
536
52
538
178
518
920
812
175
588
817
374
726
232
558
704
532
633
820
295
744
640
28
725
920
240
962
556
46
189
145
194
629
950
32
527
385
464
999
793
962
80
864
879
138
916
802
945
459
710
312
231
420
579
81
914
253
969
208
105
425
893
460
908
501
72
633
972
291
786
862
329
148
879
238
78
832
591
57
834
462
768
854
654
524
536
909
646
771
753
654
308
854
635
962
76
51
594
776
674
86
650
95
872
538
770
174
540
452
245
708
458
546
584
931
981
355
138
960
672
545
948
481
402
667
830
387
904
301
860
597
596
98
454
237
654
152
675
189
502
524
178
129
934
699
485
622
777
351
596
681
886
155
265
896
668
846
403
786
22
865
266
154
361
91
226
72
618
531
708
221
16
740
190
231
304
699
485
8
791
142
637
908
794
906
52
793
801
692
54
687
456
309
989
378
475
224
800
693
482
133
387
328
80
933
303
98
392
496
650
552
464
921
420
948
636
982
48
946
369
9
804
35
8
418
342
986
273
422
765
652
854
36
356
8
939
66
90
753
527
26
470
180
656
26
539
194
936
203
106
407
546
264
912
854
74
33
548
417
301
535
429
639
775
17
923
400
943
559
810
80
928
355
159
355
471
890
732
184
94
915
266
520
762
504
164
459
485
752
440
582
993
117
323
693
813
986
270
728
960
236
322
690
944
268
453
726
596
746
226
301
380
202
777
18
637
665
96
72
438
361
243
844
896
808
201
716
58
8
310
190
820
837
686
1
717
237
399
102
790
84
161
658
754
218
916
851
526
930
294
344
763
180
779
566
472
334
418
588
315
44
948
834
879
400
76
636
234
575
102
604
746
217
970
629
924
272
606
336
936
410
820
520
672
913
342
897
869
699
235
847
820
182
176
873
917
832
946
664
219
386
676
117
819
122
126
132
814
730
605
962
538
390
289
986
890
756
928
298
161
870
222
804
471
890
955
338
356
132
105
230
790
172
611
831
891
658
221
578
215
956
333
147
644
122
78
80
205
226
622
76
306
835
916
119
814
759
274
486
511
591
676
350
534
654
573
237
354
650
844
451
847
418
654
806
531
260
861
156
926
516
623
999
585
549
774
552
609
681
555
122
128
411
360
637
931
711
898
287
376
141
574
165
230
833
26
536
565
807
339
451
120
879
18
931
148
962
532
192
117
790
703
784
289
539
980
323
958
949
55
770
361
960
724
185
328
115
873
482
236
48
236
753
123
885
628
450
221
121
644
543
385
770
460
649
326
365
136
420
687
529
385
146
790
13
222
778
303
98
686
790
14
96
481
762
119
750
990
620
988
319
184
878
792
309
551
26
76
155
736
778
965
374
510
235
714
540
400
530
423
603
779
625
125
407
484
206
726
399
208
244
538
869
321
994
549
147
860
783
532
